model = createModel(param.N, param); 
0.000145 
0.000023 
0.155640 
0.038910 
0.038914 
0.000023 
0.155640 
0.038910 
0.038914 
0.155640 
0.155640 
0.155640 
init_h_vector(model); 
0.000023 
0.004593 
0.001148 
0.000389 
0.000771 
0.000771 
-0.000771 
-0.000771 
0.038910 
0.038910 
0.155640 
-0.038910 
-0.038910 
-0.155640 
-0.004593 
-0.001148 
-0.000389 
-0.000023 
init_he_vector(model); 
0.000023 
0.004593 
0.000389 
0.000389 
0.038910 
0.038910 
0.155640 
-0.038910 
-0.038910 
-0.155640 
-0.004593 
-0.000389 
-0.000389 
-0.000023 
init_a1_a2(model); 
0.000023 
0.004593 
0.000389 
0.000389 
0.000023 
0.003052 
0.000763 
0.000389 
0.000023 
0.155640 
0.038910 
0.038910 
0.000023 
0.155640 
0.038910 
0.038914 
0.038910 
0.038910 
0.155640 
-0.038910 
-0.038910 
-0.155640 
0.038910 
0.038910 
0.155640 
-0.038910 
-0.038910 
-0.155640 
0.000023 
0.003052 
0.000763 
0.038910 
-0.155640 
-0.038910 
-0.038910 
-0.000023 
-0.155640 
-0.038910 
-0.038914 
-0.000023 
-0.004593 
-0.000389 
-0.000389 
-0.000023 
-0.003052 
-0.000763 
-0.000389 
-0.000023 
init_f_d_valentin(model); 
calcQs(model); 
0.000031 
0.038910 
0.038910 
0.155640 
6.001282 
1.500320 
1.500320 
1.500320 
3.000641 
0.000023 
0.000015 
0.000004 
0.038914 
-0.000015 
-0.000004 
0.764435 
0.155640 
0.000023 
0.764435 
0.191109 
0.038914 
-0.764435 
-0.191109 
-0.038914 
-0.000023 
-0.038910 
-0.155640 
-0.038910 
-6.001282 
-1.500320 
-1.500320 
-1.500320 
-3.000641 
-0.000031 
calcQEs(model); 
0.000031 
0.038910 
0.038910 
0.155640 
5.390961 
1.347740 
1.347740 
1.347740 
2.695480 
0.000023 
0.000015 
0.000004 
0.038914 
-0.000015 
-0.000004 
0.191109 
0.038910 
0.000023 
0.154114 
0.038528 
0.038914 
-0.154114 
-0.038528 
-0.038914 
-0.000023 
-0.038910 
-0.155640 
-0.038910 
-5.390961 
-1.347740 
-1.347740 
-1.347740 
-2.695480 
-0.000031 
calcKs(model); 
0.000031 
6.001282 
1.500320 
1.500320 
1.500320 
3.000641 
calcRs(model); 
0.038528 
0.038910 
0.000031 
11.466141 
2.866535 
2.866535 
2.866535 
5.733070 
0.000031 
17.467361 
4.366840 
4.366840 
4.366840 
8.733681 
0.000031 
6.001251 
1.500313 
1.500313 
1.500313 
3.000626 
0.000031 
17.467361 
4.366840 
4.366840 
4.366840 
8.733681 
11.041507 
-11.041507 
0.000023 
4.229813 
1.057453 
0.038914 
-11.466141 
-2.866535 
-2.866535 
-2.866535 
-5.733070 
-17.467361 
-4.366840 
-4.366840 
-4.366840 
-8.733681 
-6.001251 
-1.500313 
-1.500313 
-1.500313 
-3.000626 
-17.467361 
-4.366840 
-4.366840 
-4.366840 
-8.733681 
-0.000031 
-0.000031 
-0.000031 
-0.000031 
-0.038528 
-0.038910 
-0.000023 
-0.038914 
calcGs(model); 
0.000023 
0.038528 
4.229813 
1.057453 
calcODE(model); 
0.155655 
-0.155655 
0.038914 
0.155640 
0.155655 
0.077820 
0.077820 
0.077820 
0.077820 
0.077820 
-0.038914 
-0.155640 
-0.155655 
-0.077820 
-0.077820 
-0.077820 
-0.077820 
-0.077820 
0.038914 
0.155640 
0.155655 
0.077820 
0.077820 
0.077820 
0.077820 
0.077820 
-0.038914 
-0.155640 
-0.155655 
-0.077820 
-0.077820 
-0.077820 
-0.077820 
-0.077820 
0.038914 
0.155640 
0.155655 
0.077820 
0.077820 
0.077820 
0.077820 
0.077820 
-0.038914 
-0.155640 
-0.155655 
-0.077820 
-0.077820 
-0.077820 
-0.077820 
-0.077820 
0.038914 
0.155640 
0.155655 
0.077820 
0.077820 
0.077820 
0.077820 
0.077820 
-0.038914 
-0.155640 
-0.155655 
-0.077820 
-0.077820 
-0.077820 
-0.077820 
-0.077820 
0.038914 
0.155640 
0.155655 
0.077820 
0.077820 
0.077820 
0.077820 
0.077820 
-0.038914 
-0.155640 
-0.155655 
-0.077820 
-0.077820 
-0.077820 
-0.077820 
-0.077820 
0.038914 
0.155640 
0.155655 
0.077820 
0.077820 
0.077820 
0.077820 
0.077820 
-0.038914 
-0.155640 
-0.155655 
-0.077820 
-0.077820 
-0.077820 
-0.077820 
-0.077820 
0.038914 
0.155640 
0.155655 
0.077820 
0.077820 
0.077820 
0.077820 
0.077820 
-0.038914 
-0.155640 
-0.155655 
-0.077820 
-0.077820 
-0.077820 
-0.077820 
-0.077820 
0.038914 
0.155640 
0.155655 
0.077820 
0.077820 
0.077820 
0.077820 
0.077820 
-0.038914 
-0.155640 
-0.155655 
-0.077820 
-0.077820 
-0.077820 
-0.077820 
-0.077820 
0.038914 
0.155640 
0.155655 
0.077820 
0.077820 
0.077820 
0.077820 
0.077820 
-0.038914 
-0.155640 
-0.155655 
-0.077820 
-0.077820 
-0.077820 
-0.077820 
-0.077820 
0.038914 
0.155640 
0.155655 
0.077820 
0.077820 
0.077820 
0.077820 
0.077820 
-0.038914 
-0.155640 
-0.155655 
-0.077820 
-0.077820 
-0.077820 
-0.077820 
-0.077820 
0.038914 
0.155640 
0.155655 
0.077820 
0.077820 
0.077820 
0.077820 
0.077820 
-0.038914 
-0.155640 
-0.155655 
-0.077820 
-0.077820 
-0.077820 
-0.077820 
-0.077820 
0.038914 
0.155640 
0.155655 
0.077820 
0.077820 
0.077820 
0.077820 
0.077820 
-0.038914 
-0.155640 
-0.155655 
-0.077820 
-0.077820 
-0.077820 
-0.077820 
-0.077820 
0.038914 
0.155640 
0.155655 
0.077820 
0.077820 
0.077820 
0.077820 
0.077820 
-0.038914 
-0.155640 
-0.155655 
-0.077820 
-0.077820 
-0.077820 
-0.077820 
-0.077820 
0.038914 
0.155640 
0.155655 
0.077820 
0.077820 
0.077820 
0.077820 
0.077820 
-0.038914 
-0.155640 
-0.155655 
-0.077820 
-0.077820 
-0.077820 
-0.077820 
-0.077820 
0.038914 
0.155640 
0.155655 
0.077820 
0.077820 
0.077820 
0.077820 
0.077820 
-0.038914 
-0.155640 
-0.155655 
-0.077820 
-0.077820 
-0.077820 
-0.077820 
-0.077820 
0.038914 
0.155640 
0.155655 
0.077820 
0.077820 
0.077820 
0.077820 
0.077820 
-0.038914 
-0.155640 
-0.155655 
-0.077820 
-0.077820 
-0.077820 
-0.077820 
-0.077820 
0.038914 
0.155640 
0.155655 
0.077820 
0.077820 
0.077820 
0.077820 
0.077820 
-0.038914 
-0.155640 
-0.155655 
-0.077820 
-0.077820 
-0.077820 
-0.077820 
-0.077820 
0.038914 
0.155640 
0.155655 
0.077820 
0.077820 
0.077820 
0.077820 
0.077820 
-0.038914 
-0.155640 
-0.155655 
-0.077820 
-0.077820 
-0.077820 
-0.077820 
-0.077820 
0.038914 
0.155640 
0.155655 
0.077820 
0.077820 
0.077820 
0.077820 
0.077820 
-0.038914 
-0.155640 
-0.155655 
-0.077820 
-0.077820 
-0.077820 
-0.077820 
-0.077820 
0.038914 
0.155640 
0.155655 
0.077820 
0.077820 
0.077820 
0.077820 
0.077820 
-0.038914 
-0.155640 
-0.155655 
-0.077820 
-0.077820 
-0.077820 
-0.077820 
-0.077820 
0.038914 
0.155640 
0.155655 
0.077820 
0.077820 
0.077820 
0.077820 
0.077820 
-0.038914 
-0.155640 
-0.155655 
-0.077820 
-0.077820 
-0.077820 
-0.077820 
-0.077820 
0.155640 
-0.155640 
calcRho_fill(model); 
0.000023 
0.155655 
0.038910 
0.000389 
calcTraseRO2(model); 
0.000023 
0.000389 
0.155655 
0.038914 
-0.155655 
-0.038914 
-0.000389 
-0.000023 
0.000389 
0.038914 
0.155640 
0.155655 
0.077820 
0.077820 
0.077820 
0.077820 
0.077820 
-0.038914 
-0.155640 
-0.155655 
-0.077820 
-0.077820 
-0.077820 
-0.077820 
-0.077820 
0.000023 
0.155655 
0.038914 
0.000389 
-0.155655 
-0.038910 
-0.000389 
-0.000023 
0.000023 
0.000389 
0.155655 
0.038910 
-0.155655 
-0.038910 
-0.000389 
-0.000023 
0.077820 
0.155640 
0.155655 
0.077820 
0.077820 
0.077820 
0.077820 
0.077820 
-0.077820 
-0.155640 
-0.155655 
-0.077820 
-0.077820 
-0.077820 
-0.077820 
-0.077820 
0.000023 
0.155655 
0.038910 
0.000389 
-0.155655 
-0.038914 
-0.000389 
-0.000023 
0.000023 
0.000389 
0.155655 
0.038914 
-0.155655 
-0.038914 
-0.000389 
-0.000023 
0.038914 
0.155640 
0.155655 
0.077820 
0.077820 
0.077820 
0.077820 
0.077820 
-0.038914 
-0.155640 
-0.155655 
-0.077820 
-0.077820 
-0.077820 
-0.077820 
-0.077820 
0.000023 
0.155655 
0.038914 
0.000389 
-0.155655 
-0.038910 
-0.000389 
-0.000023 
0.000023 
0.000389 
0.155655 
0.038910 
-0.155655 
-0.038910 
-0.000389 
-0.000023 
0.077820 
0.155640 
0.155655 
0.077820 
0.077820 
0.077820 
0.077820 
0.077820 
-0.077820 
-0.155640 
-0.155655 
-0.077820 
-0.077820 
-0.077820 
-0.077820 
-0.077820 
0.000023 
0.155655 
0.038910 
0.000389 
-0.155655 
-0.038914 
-0.000389 
-0.000023 
0.000023 
0.000389 
0.155655 
0.038914 
-0.155655 
-0.038914 
-0.000389 
-0.000023 
0.038914 
0.155640 
0.155655 
0.077820 
0.077820 
0.077820 
0.077820 
0.077820 
-0.038914 
-0.155640 
-0.155655 
-0.077820 
-0.077820 
-0.077820 
-0.077820 
-0.077820 
0.000023 
0.155655 
0.038914 
0.000389 
-0.155655 
-0.038910 
-0.000389 
-0.000023 
0.000023 
0.000389 
0.155655 
0.038910 
-0.155655 
-0.038910 
-0.000389 
-0.000023 
0.077820 
0.155640 
0.155655 
0.077820 
0.077820 
0.077820 
0.077820 
0.077820 
-0.077820 
-0.155640 
-0.155655 
-0.077820 
-0.077820 
-0.077820 
-0.077820 
-0.077820 
0.000023 
0.155655 
0.038910 
0.000389 
-0.155655 
-0.038914 
-0.000389 
-0.000023 
0.000023 
0.000389 
0.155655 
0.038914 
-0.155655 
-0.038914 
-0.000389 
-0.000023 
0.038914 
0.155640 
0.155655 
0.077820 
0.077820 
0.077820 
0.077820 
0.077820 
-0.038914 
-0.155640 
-0.155655 
-0.077820 
-0.077820 
-0.077820 
-0.077820 
-0.077820 
0.000023 
0.155655 
0.038914 
0.000389 
-0.155655 
-0.038910 
-0.000389 
-0.000023 
0.000023 
-0.000031 
0.000389 
-0.000031 
0.155655 
-0.000031 
0.038910 
-0.155655 
-0.038910 
-0.000389 
-0.000023 
-0.000031 
0.077820 
-0.000031 
0.155640 
-0.000031 
0.155655 
-0.000031 
0.077820 
-0.000031 
0.077820 
-0.000031 
0.077820 
-0.000031 
0.077820 
-0.000031 
0.077820 
-0.077820 
-0.155640 
-0.155655 
-0.077820 
-0.077820 
-0.077820 
-0.077820 
-0.077820 
-0.000031 
0.000023 
-0.000031 
0.155655 
-0.000031 
0.038910 
-0.000031 
0.000389 
-0.155655 
-0.038914 
-0.000389 
-0.000023 
0.000023 
-0.000031 
0.000389 
-0.000031 
0.155655 
-0.000031 
0.038914 
-0.155655 
-0.038914 
-0.000389 
-0.000023 
-0.000031 
0.038914 
-0.000031 
0.155640 
-0.000031 
0.155655 
-0.000031 
0.077820 
-0.000031 
0.077820 
-0.000031 
0.077820 
-0.000031 
0.077820 
-0.000031 
0.077820 
-0.038914 
-0.155640 
-0.155655 
-0.077820 
-0.077820 
-0.077820 
-0.077820 
-0.077820 
0.000023 
0.155655 
0.038914 
0.000389 
-0.155655 
-0.038910 
-0.000389 
-0.000023 
0.000023 
0.000389 
0.155655 
0.038910 
-0.155655 
-0.038910 
-0.000389 
-0.000023 
0.077820 
0.155640 
0.155655 
0.077820 
0.077820 
0.077820 
0.077820 
0.077820 
-0.077820 
-0.155640 
-0.155655 
-0.077820 
-0.077820 
-0.077820 
-0.077820 
-0.077820 
0.000023 
0.155655 
0.038910 
0.000389 
-0.155655 
-0.038914 
-0.000389 
-0.000023 
0.000023 
0.000389 
0.155655 
0.038914 
-0.155655 
-0.038914 
-0.000389 
-0.000023 
0.038914 
0.155640 
0.155655 
0.077820 
0.077820 
0.077820 
0.077820 
0.077820 
-0.038914 
-0.155640 
-0.155655 
-0.077820 
-0.077820 
-0.077820 
-0.077820 
-0.077820 
0.000023 
0.155655 
0.038914 
0.000389 
-0.155655 
-0.038910 
-0.000389 
-0.000023 
0.000023 
0.000389 
0.155655 
0.038910 
-0.155655 
-0.038910 
-0.000389 
-0.000023 
0.077820 
0.155640 
0.155655 
0.077820 
0.077820 
0.077820 
0.077820 
0.077820 
-0.077820 
-0.155640 
-0.155655 
-0.077820 
-0.077820 
-0.077820 
-0.077820 
-0.077820 
0.000023 
0.155655 
0.038910 
0.000389 
-0.155655 
-0.038914 
-0.000389 
-0.000023 
0.000023 
0.000389 
0.155655 
0.038914 
-0.155655 
-0.038914 
-0.000389 
-0.000023 
0.038914 
0.155640 
0.155655 
0.077820 
0.077820 
0.077820 
0.077820 
0.077820 
-0.038914 
-0.155640 
-0.155655 
-0.077820 
-0.077820 
-0.077820 
-0.077820 
-0.077820 
0.000023 
0.155655 
0.038914 
0.000389 
-0.155655 
-0.038910 
-0.000389 
-0.000023 
0.000023 
0.000389 
0.155655 
0.038910 
-0.155655 
-0.038910 
-0.000389 
-0.000023 
0.077820 
0.155640 
0.155655 
0.077820 
0.077820 
0.077820 
0.077820 
0.077820 
-0.077820 
-0.155640 
-0.155655 
-0.077820 
-0.077820 
-0.077820 
-0.077820 
-0.077820 
0.000023 
0.155655 
0.038910 
0.000389 
-0.155655 
-0.038914 
-0.000389 
-0.000023 
0.000023 
0.000389 
0.155655 
0.038914 
-0.155655 
-0.038914 
-0.000389 
-0.000023 
0.038914 
0.155640 
0.155655 
0.077820 
0.077820 
0.077820 
0.077820 
0.077820 
-0.038914 
-0.155640 
-0.155655 
-0.077820 
-0.077820 
-0.077820 
-0.077820 
-0.077820 
0.000023 
0.155655 
0.038914 
0.000389 
-0.155655 
-0.038910 
-0.000389 
-0.000023 
0.000023 
0.000389 
0.155655 
0.038910 
-0.155655 
-0.038910 
-0.000389 
-0.000023 
0.077820 
0.155640 
0.155655 
0.077820 
0.077820 
0.077820 
0.077820 
0.077820 
-0.077820 
-0.155640 
-0.155655 
-0.077820 
-0.077820 
-0.077820 
-0.077820 
-0.077820 
0.000023 
0.155655 
0.038910 
0.000389 
-0.155655 
-0.038914 
-0.000389 
-0.000023 
0.000023 
0.000389 
0.155655 
0.038914 
-0.155655 
-0.038914 
-0.000389 
-0.000023 
0.038914 
0.155640 
0.155655 
0.077820 
0.077820 
0.077820 
0.077820 
0.077820 
-0.038914 
-0.155640 
-0.155655 
-0.077820 
-0.077820 
-0.077820 
-0.077820 
-0.077820 
0.000023 
0.155655 
0.038914 
0.000389 
-0.155655 
-0.038910 
-0.000389 
-0.000023 
0.000023 
0.000389 
0.155655 
0.038910 
-0.155655 
-0.038910 
-0.000389 
-0.000023 
0.077820 
0.155640 
0.155655 
0.077820 
0.077820 
0.077820 
0.077820 
0.077820 
-0.077820 
-0.155640 
-0.155655 
-0.077820 
-0.077820 
-0.077820 
-0.077820 
-0.077820 
0.000023 
0.155655 
0.038910 
0.000389 
-0.155655 
-0.038914 
-0.000389 
-0.000023 
0.000023 
0.000389 
0.155655 
0.038914 
-0.155655 
-0.038914 
-0.000389 
-0.000023 
0.038914 
0.155640 
0.155655 
0.077820 
0.077820 
0.077820 
0.077820 
0.077820 
-0.038914 
-0.155640 
-0.155655 
-0.077820 
-0.077820 
-0.077820 
-0.077820 
-0.077820 
0.000023 
0.155655 
0.038914 
0.000389 
-0.155655 
-0.038910 
-0.000389 
-0.000023 
0.000023 
0.000389 
0.155655 
0.038910 
-0.155655 
-0.038910 
-0.000389 
-0.000023 
0.077820 
0.155640 
0.155655 
0.077820 
0.077820 
0.077820 
0.077820 
0.077820 
-0.077820 
-0.155640 
-0.155655 
-0.077820 
-0.077820 
-0.077820 
-0.077820 
-0.077820 
0.000023 
0.155655 
0.038910 
0.000389 
-0.155655 
-0.038914 
-0.000389 
-0.000023 
0.000023 
0.000389 
0.155655 
0.038914 
-0.155655 
-0.038914 
-0.000389 
-0.000023 
0.038914 
0.155640 
0.155655 
0.077820 
0.077820 
0.077820 
0.077820 
0.077820 
-0.038914 
-0.155640 
-0.155655 
-0.077820 
-0.077820 
-0.077820 
-0.077820 
-0.077820 
0.000023 
0.155655 
0.038914 
0.000389 
-0.155655 
-0.038910 
-0.000389 
-0.000023 
0.000023 
0.000389 
0.155655 
0.038910 
-0.155655 
-0.038910 
-0.000389 
-0.000023 
0.077820 
0.155640 
0.155655 
0.077820 
0.077820 
0.077820 
0.077820 
0.077820 
-0.077820 
-0.155640 
-0.155655 
-0.077820 
-0.077820 
-0.077820 
-0.077820 
-0.077820 
0.000023 
0.155655 
0.038910 
0.000389 
-0.155655 
-0.038914 
-0.000389 
-0.000023 
0.000023 
0.000389 
0.155655 
0.038914 
-0.155655 
-0.038914 
-0.000389 
-0.000023 
0.038914 
0.155640 
0.155655 
0.077820 
0.077820 
0.077820 
0.077820 
0.077820 
-0.038914 
-0.155640 
-0.155655 
-0.077820 
-0.077820 
-0.077820 
-0.077820 
-0.077820 
0.000023 
0.155655 
0.038914 
0.000389 
-0.155655 
-0.038910 
-0.000389 
-0.000023 
0.000023 
0.000389 
0.155655 
0.038910 
-0.155655 
-0.038910 
-0.000389 
-0.000023 
0.077820 
0.155640 
0.155655 
0.077820 
0.077820 
0.077820 
0.077820 
0.077820 
-0.077820 
-0.155640 
-0.155655 
-0.077820 
-0.077820 
-0.077820 
-0.077820 
-0.077820 
0.000023 
0.155655 
0.038910 
0.000389 
-0.155655 
-0.038914 
-0.000389 
-0.000023 
0.000023 
0.000389 
0.155655 
0.038914 
-0.155655 
-0.038914 
-0.000389 
-0.000023 
0.038914 
0.155640 
0.155655 
0.077820 
0.077820 
0.077820 
0.077820 
0.077820 
-0.038914 
-0.155640 
-0.155655 
-0.077820 
-0.077820 
-0.077820 
-0.077820 
-0.077820 
0.000023 
0.155655 
0.038914 
0.000389 
-0.155655 
-0.038910 
-0.000389 
-0.000023 
0.000023 
0.000389 
0.155655 
0.038910 
-0.155655 
-0.038910 
-0.000389 
-0.000023 
0.077820 
0.155640 
0.155655 
0.077820 
0.077820 
0.077820 
0.077820 
0.077820 
-0.077820 
-0.155640 
-0.155655 
-0.077820 
-0.077820 
-0.077820 
-0.077820 
-0.077820 
0.000023 
0.155655 
0.038910 
0.000389 
-0.155655 
-0.038914 
-0.000389 
-0.000023 
0.000023 
0.000389 
0.155655 
0.038914 
-0.155655 
-0.038914 
-0.000389 
-0.000023 
0.038914 
0.155640 
0.155655 
0.077820 
0.077820 
0.077820 
0.077820 
0.077820 
-0.038914 
-0.155640 
-0.155655 
-0.077820 
-0.077820 
-0.077820 
-0.077820 
-0.077820 
0.000023 
0.155655 
0.038914 
0.000389 
-0.155655 
-0.038910 
-0.000389 
-0.000023 
0.000023 
0.000389 
0.155655 
0.038910 
-0.155655 
-0.038910 
-0.000389 
-0.000023 
0.077820 
0.155640 
0.155655 
0.077820 
0.077820 
0.077820 
0.077820 
0.077820 
-0.077820 
-0.155640 
-0.155655 
-0.077820 
-0.077820 
-0.077820 
-0.077820 
-0.077820 
0.000023 
0.155655 
0.038910 
0.000389 
-0.155655 
-0.038914 
-0.000389 
-0.000023 
0.000023 
0.000389 
0.155655 
0.038914 
-0.155655 
-0.038914 
-0.000389 
-0.000023 
0.038914 
0.155640 
0.155655 
0.077820 
0.077820 
0.077820 
0.077820 
0.077820 
-0.038914 
-0.155640 
-0.155655 
-0.077820 
-0.077820 
-0.077820 
-0.077820 
-0.077820 
0.000023 
0.155655 
0.038914 
0.000389 
-0.155655 
-0.038910 
-0.000389 
-0.000023 
0.000023 
0.000389 
0.155655 
0.038910 
-0.155655 
-0.038910 
-0.000389 
-0.000023 
0.077820 
0.155640 
0.155655 
0.077820 
0.077820 
0.077820 
0.077820 
0.077820 
-0.077820 
-0.155640 
-0.155655 
-0.077820 
-0.077820 
-0.077820 
-0.077820 
-0.077820 
0.000023 
0.155655 
0.038910 
0.000389 
-0.155655 
-0.038914 
-0.000389 
-0.000023 
0.000023 
0.000389 
0.155655 
0.038914 
-0.155655 
-0.038914 
-0.000389 
-0.000023 
0.038914 
0.155640 
0.155655 
0.077820 
0.077820 
0.077820 
0.077820 
0.077820 
-0.038914 
-0.155640 
-0.155655 
-0.077820 
-0.077820 
-0.077820 
-0.077820 
-0.077820 
0.000023 
0.155655 
0.038914 
0.000389 
-0.155655 
-0.038910 
-0.000389 
-0.000023 
0.000023 
0.000389 
0.155655 
0.038910 
-0.155655 
-0.038910 
-0.000389 
-0.000023 
0.077820 
0.155640 
0.155655 
0.077820 
0.077820 
0.077820 
0.077820 
0.077820 
-0.077820 
-0.155640 
-0.155655 
-0.077820 
-0.077820 
-0.077820 
-0.077820 
-0.077820 
0.000023 
0.155655 
0.038910 
0.000389 
-0.155655 
-0.038914 
-0.000389 
-0.000023 
0.000023 
0.000389 
0.155655 
0.038914 
-0.155655 
-0.038914 
-0.000389 
-0.000023 
0.038914 
0.155640 
0.155655 
0.077820 
0.077820 
0.077820 
0.077820 
0.077820 
-0.038914 
-0.155640 
-0.155655 
-0.077820 
-0.077820 
-0.077820 
-0.077820 
-0.077820 
0.000023 
0.155655 
0.038914 
0.000389 
-0.155655 
-0.038910 
-0.000389 
-0.000023 
0.000023 
0.000389 
0.155655 
0.038910 
-0.155655 
-0.038910 
-0.000389 
-0.000023 
0.077820 
0.155640 
0.155655 
0.077820 
0.077820 
0.077820 
0.077820 
0.077820 
-0.077820 
-0.155640 
-0.155655 
-0.077820 
-0.077820 
-0.077820 
-0.077820 
-0.077820 
0.000023 
0.155655 
0.038910 
0.000389 
-0.155655 
-0.038914 
-0.000389 
-0.000023 
0.000023 
0.000389 
0.155655 
0.038914 
-0.155655 
-0.038914 
-0.000389 
-0.000023 
0.038914 
0.155640 
0.155655 
0.077820 
0.077820 
0.077820 
0.077820 
0.077820 
-0.038914 
-0.155640 
-0.155655 
-0.077820 
-0.077820 
-0.077820 
-0.077820 
-0.077820 
0.000023 
0.155655 
0.038914 
0.000389 
-0.155655 
-0.038910 
-0.000389 
-0.000023 
0.000023 
0.000389 
0.155655 
0.038910 
-0.155655 
-0.038910 
-0.000389 
-0.000023 
0.077820 
0.155640 
0.155655 
0.077820 
0.077820 
0.077820 
0.077820 
0.077820 
-0.077820 
-0.155640 
-0.155655 
-0.077820 
-0.077820 
-0.077820 
-0.077820 
-0.077820 
0.000023 
0.155655 
0.038910 
0.000389 
-0.155655 
-0.038914 
-0.000389 
-0.000023 
0.000023 
0.000389 
0.155655 
0.038914 
-0.155655 
-0.038914 
-0.000389 
-0.000023 
0.038914 
0.155640 
0.155655 
0.077820 
0.077820 
0.077820 
0.077820 
0.077820 
-0.038914 
-0.155640 
-0.155655 
-0.077820 
-0.077820 
-0.077820 
-0.077820 
-0.077820 
0.000023 
0.155655 
0.038914 
0.000389 
-0.155655 
-0.038910 
-0.000389 
-0.000023 
0.000023 
0.000389 
0.155655 
0.038910 
-0.155655 
-0.038910 
-0.000389 
-0.000023 
0.077820 
0.155640 
0.155655 
0.077820 
0.077820 
0.077820 
0.077820 
0.077820 
-0.077820 
-0.155640 
-0.155655 
-0.077820 
-0.077820 
-0.077820 
-0.077820 
-0.077820 
0.000023 
0.155655 
0.038910 
0.000389 
-0.155655 
-0.038914 
-0.000389 
-0.000023 
0.000023 
0.000389 
0.155655 
0.038914 
-0.155655 
-0.038914 
-0.000389 
-0.000023 
0.038914 
0.155640 
0.155655 
0.077820 
0.077820 
0.077820 
0.077820 
0.077820 
-0.038914 
-0.155640 
-0.155655 
-0.077820 
-0.077820 
-0.077820 
-0.077820 
-0.077820 
0.000023 
0.155655 
0.038914 
0.000389 
-0.155655 
-0.038910 
-0.000389 
-0.000023 
0.000023 
0.000389 
0.155655 
0.038910 
-0.155655 
-0.038910 
-0.000389 
-0.000023 
0.077820 
0.155640 
0.155655 
0.077820 
0.077820 
0.077820 
0.077820 
0.077820 
-0.077820 
-0.155640 
-0.155655 
-0.077820 
-0.077820 
-0.077820 
-0.077820 
-0.077820 
0.000023 
0.155655 
0.038910 
0.000389 
-0.155655 
-0.038914 
-0.000389 
-0.000023 
0.000023 
0.000389 
0.155655 
0.038914 
-0.155655 
-0.038914 
-0.000389 
-0.000023 
0.038914 
0.155640 
0.155655 
0.077820 
0.077820 
0.077820 
0.077820 
0.077820 
-0.038914 
-0.155640 
-0.155655 
-0.077820 
-0.077820 
-0.077820 
-0.077820 
-0.077820 
0.000023 
0.155655 
0.038914 
0.000389 
-0.155655 
-0.038910 
-0.000389 
-0.000023 
0.000023 
0.000389 
0.155655 
0.038910 
-0.155655 
-0.038910 
-0.000389 
-0.000023 
0.077820 
0.155640 
0.155655 
0.077820 
0.077820 
0.077820 
0.077820 
0.077820 
-0.077820 
-0.155640 
-0.155655 
-0.077820 
-0.077820 
-0.077820 
-0.077820 
-0.077820 
0.000023 
0.155655 
0.038910 
0.000389 
-0.155655 
-0.038914 
-0.000389 
-0.000023 
0.000023 
0.000389 
0.155655 
0.038914 
-0.155655 
-0.038914 
-0.000389 
-0.000023 
0.038914 
0.155640 
0.155655 
0.077820 
0.077820 
0.077820 
0.077820 
0.077820 
-0.038914 
-0.155640 
-0.155655 
-0.077820 
-0.077820 
-0.077820 
-0.077820 
-0.077820 
0.000023 
0.155655 
0.038914 
0.000389 
-0.155655 
-0.038910 
-0.000389 
-0.000023 
0.000023 
0.000389 
0.155655 
0.038910 
-0.155655 
-0.038910 
-0.000389 
-0.000023 
0.077820 
0.155640 
0.155655 
0.077820 
0.077820 
0.077820 
0.077820 
0.077820 
-0.077820 
-0.155640 
-0.155655 
-0.077820 
-0.077820 
-0.077820 
-0.077820 
-0.077820 
0.000023 
0.155655 
0.038910 
0.000389 
-0.155655 
-0.038914 
-0.000389 
-0.000023 
0.000023 
0.000389 
0.155655 
0.038914 
-0.155655 
-0.038914 
-0.000389 
-0.000023 
0.038914 
0.155640 
0.155655 
0.077820 
0.077820 
0.077820 
0.077820 
0.077820 
-0.038914 
-0.155640 
-0.155655 
-0.077820 
-0.077820 
-0.077820 
-0.077820 
-0.077820 
0.000023 
0.155655 
0.038914 
0.000389 
-0.155655 
-0.038910 
-0.000389 
-0.000023 
0.000023 
0.000389 
0.155655 
0.038910 
-0.155655 
-0.038910 
-0.000389 
-0.000023 
0.077820 
0.155640 
0.155655 
0.077820 
0.077820 
0.077820 
0.077820 
0.077820 
-0.077820 
-0.155640 
-0.155655 
-0.077820 
-0.077820 
-0.077820 
-0.077820 
-0.077820 
0.000023 
0.155655 
0.038910 
0.000389 
-0.155655 
-0.038914 
-0.000389 
-0.000023 
0.000023 
0.000389 
0.155655 
0.038914 
-0.155655 
-0.038914 
-0.000389 
-0.000023 
0.038914 
0.155640 
0.155655 
0.077820 
0.077820 
0.077820 
0.077820 
0.077820 
-0.038914 
-0.155640 
-0.155655 
-0.077820 
-0.077820 
-0.077820 
-0.077820 
-0.077820 
0.000023 
0.155655 
0.038914 
0.000389 
-0.155655 
-0.038910 
-0.000389 
-0.000023 
0.000023 
0.000389 
0.155655 
0.038910 
-0.155655 
-0.038910 
-0.000389 
-0.000023 
0.077820 
0.155640 
0.155655 
0.077820 
0.077820 
0.077820 
0.077820 
0.077820 
-0.077820 
-0.155640 
-0.155655 
-0.077820 
-0.077820 
-0.077820 
-0.077820 
-0.077820 
0.000023 
0.155655 
0.038910 
0.000389 
-0.155655 
-0.038914 
-0.000389 
-0.000023 
0.000023 
0.000389 
0.155655 
0.038914 
-0.155655 
-0.038914 
-0.000389 
-0.000023 
0.038914 
0.155640 
0.155655 
0.077820 
0.077820 
0.077820 
0.077820 
0.077820 
-0.038914 
-0.155640 
-0.155655 
-0.077820 
-0.077820 
-0.077820 
-0.077820 
-0.077820 
0.000023 
0.155655 
0.038914 
0.000389 
-0.155655 
-0.038910 
-0.000389 
-0.000023 
0.000023 
0.000389 
0.155655 
0.038910 
-0.155655 
-0.038910 
-0.000389 
-0.000023 
0.077820 
0.155640 
0.155655 
0.077820 
0.077820 
0.077820 
0.077820 
0.077820 
-0.077820 
-0.155640 
-0.155655 
-0.077820 
-0.077820 
-0.077820 
-0.077820 
-0.077820 
0.000023 
0.155655 
0.038910 
0.000389 
-0.155655 
-0.038914 
-0.000389 
-0.000023 
0.000023 
0.000389 
0.155655 
0.038914 
-0.155655 
-0.038914 
-0.000389 
-0.000023 
0.038914 
0.155640 
0.155655 
0.077820 
0.077820 
0.077820 
0.077820 
0.077820 
-0.038914 
-0.155640 
-0.155655 
-0.077820 
-0.077820 
-0.077820 
-0.077820 
-0.077820 
0.000023 
0.155655 
0.038914 
0.000389 
-0.155655 
-0.038910 
-0.000389 
-0.000023 
0.000023 
0.000389 
0.155655 
0.038910 
-0.155655 
-0.038910 
-0.000389 
-0.000023 
0.077820 
0.155640 
0.155655 
0.077820 
0.077820 
0.077820 
0.077820 
0.077820 
-0.077820 
-0.155640 
-0.155655 
-0.077820 
-0.077820 
-0.077820 
-0.077820 
-0.077820 
0.000023 
0.155655 
0.038910 
0.000389 
-0.155655 
-0.038914 
-0.000389 
-0.000023 
0.000023 
0.000389 
0.155655 
0.038914 
-0.155655 
-0.038914 
-0.000389 
-0.000023 
0.038914 
0.155640 
0.155655 
0.077820 
0.077820 
0.077820 
0.077820 
0.077820 
-0.038914 
-0.155640 
-0.155655 
-0.077820 
-0.077820 
-0.077820 
-0.077820 
-0.077820 
0.000023 
0.155655 
0.038914 
0.000389 
-0.155655 
-0.038910 
-0.000389 
-0.000023 
0.000023 
0.000389 
0.155655 
0.038910 
-0.155655 
-0.038910 
-0.000389 
-0.000023 
0.077820 
0.155640 
0.155655 
0.077820 
0.077820 
0.077820 
0.077820 
0.077820 
-0.077820 
-0.155640 
-0.155655 
-0.077820 
-0.077820 
-0.077820 
-0.077820 
-0.077820 
0.000023 
0.155655 
0.038910 
0.000389 
-0.155655 
-0.038914 
-0.000389 
-0.000023 
0.000023 
0.000389 
0.155655 
0.038914 
-0.155655 
-0.038914 
-0.000389 
-0.000023 
0.038914 
0.155640 
0.155655 
0.077820 
0.077820 
0.077820 
0.077820 
0.077820 
-0.038914 
-0.155640 
-0.155655 
-0.077820 
-0.077820 
-0.077820 
-0.077820 
-0.077820 
0.000023 
0.155655 
0.038914 
0.000389 
-0.155655 
-0.038910 
-0.000389 
-0.000023 
0.000023 
0.000389 
0.155655 
0.038910 
-0.155655 
-0.038910 
-0.000389 
-0.000023 
0.077820 
0.155640 
0.155655 
0.077820 
0.077820 
0.077820 
0.077820 
0.077820 
-0.077820 
-0.155640 
-0.155655 
-0.077820 
-0.077820 
-0.077820 
-0.077820 
-0.077820 
0.000023 
0.155655 
0.038910 
0.000389 
-0.155655 
-0.038914 
-0.000389 
-0.000023 
0.000023 
0.000389 
0.155655 
0.038914 
-0.155655 
-0.038914 
-0.000389 
-0.000023 
0.038914 
0.155640 
0.155655 
0.077820 
0.077820 
0.077820 
0.077820 
0.077820 
-0.038914 
-0.155640 
-0.155655 
-0.077820 
-0.077820 
-0.077820 
-0.077820 
-0.077820 
0.000023 
0.155655 
0.038914 
0.000389 
-0.155655 
-0.038910 
-0.000389 
-0.000023 
0.000023 
0.000389 
0.155655 
0.038910 
-0.155655 
-0.038910 
-0.000389 
-0.000023 
0.077820 
0.155640 
0.155655 
0.077820 
0.077820 
0.077820 
0.077820 
0.077820 
-0.077820 
-0.155640 
-0.155655 
-0.077820 
-0.077820 
-0.077820 
-0.077820 
-0.077820 
0.000023 
0.155655 
0.038910 
0.000389 
-0.155655 
-0.038914 
-0.000389 
-0.000023 
0.000023 
0.000389 
0.155655 
0.038914 
-0.155655 
-0.038914 
-0.000389 
-0.000023 
0.038914 
0.155640 
0.155655 
0.077820 
0.077820 
0.077820 
0.077820 
0.077820 
-0.038914 
-0.155640 
-0.155655 
-0.077820 
-0.077820 
-0.077820 
-0.077820 
-0.077820 
0.000023 
0.155655 
0.038914 
0.000389 
-0.155655 
-0.038910 
-0.000389 
-0.000023 
0.000023 
0.000389 
0.155655 
0.038910 
-0.155655 
-0.038910 
-0.000389 
-0.000023 
0.077820 
0.155640 
0.155655 
0.077820 
0.077820 
0.077820 
0.077820 
0.077820 
-0.077820 
-0.155640 
-0.155655 
-0.077820 
-0.077820 
-0.077820 
-0.077820 
-0.077820 
0.000023 
0.155655 
0.038910 
0.000389 
-0.155655 
-0.038914 
-0.000389 
-0.000023 
0.000023 
0.000389 
0.155655 
0.038914 
-0.155655 
-0.038914 
-0.000389 
-0.000023 
0.038914 
0.155640 
0.155655 
0.077820 
0.077820 
0.077820 
0.077820 
0.077820 
-0.038914 
-0.155640 
-0.155655 
-0.077820 
-0.077820 
-0.077820 
-0.077820 
-0.077820 
0.000023 
0.155655 
0.038914 
0.000389 
-0.155655 
-0.038910 
-0.000389 
-0.000023 
0.000023 
0.000389 
0.155655 
0.038910 
-0.155655 
-0.038910 
-0.000389 
-0.000023 
0.077820 
0.155640 
0.155655 
0.077820 
0.077820 
0.077820 
0.077820 
0.077820 
-0.077820 
-0.155640 
-0.155655 
-0.077820 
-0.077820 
-0.077820 
-0.077820 
-0.077820 
0.000023 
0.155655 
0.038910 
0.000389 
-0.155655 
-0.038914 
-0.000389 
-0.000023 
0.000023 
0.000389 
0.155655 
0.038914 
-0.155655 
-0.038914 
-0.000389 
-0.000023 
0.038914 
0.155640 
0.155655 
0.077820 
0.077820 
0.077820 
0.077820 
0.077820 
-0.038914 
-0.155640 
-0.155655 
-0.077820 
-0.077820 
-0.077820 
-0.077820 
-0.077820 
0.000023 
0.155655 
0.038914 
0.000389 
-0.155655 
-0.038910 
-0.000389 
-0.000023 
0.000023 
0.000389 
0.155655 
0.038910 
-0.155655 
-0.038910 
-0.000389 
-0.000023 
0.077820 
0.155640 
0.155655 
0.077820 
0.077820 
0.077820 
0.077820 
0.077820 
-0.077820 
-0.155640 
-0.155655 
-0.077820 
-0.077820 
-0.077820 
-0.077820 
-0.077820 
0.000023 
0.155655 
0.038910 
0.000389 
-0.155655 
-0.038914 
-0.000389 
-0.000023 
0.000023 
0.000389 
0.155655 
0.038914 
-0.155655 
-0.038914 
-0.000389 
-0.000023 
0.038914 
0.155640 
0.155655 
0.077820 
0.077820 
0.077820 
0.077820 
0.077820 
-0.038914 
-0.155640 
-0.155655 
-0.077820 
-0.077820 
-0.077820 
-0.077820 
-0.077820 
0.000023 
0.155655 
0.038914 
0.000389 
-0.155655 
-0.038910 
-0.000389 
-0.000023 
0.000023 
0.000389 
0.155655 
0.038910 
-0.155655 
-0.038910 
-0.000389 
-0.000023 
0.077820 
0.155640 
0.155655 
0.077820 
0.077820 
0.077820 
0.077820 
0.077820 
-0.077820 
-0.155640 
-0.155655 
-0.077820 
-0.077820 
-0.077820 
-0.077820 
-0.077820 
0.000023 
0.155655 
0.038910 
0.000389 
-0.155655 
-0.038914 
-0.000389 
-0.000023 
0.000023 
0.000389 
0.155655 
0.038914 
-0.155655 
-0.038914 
-0.000389 
-0.000023 
0.038914 
0.155640 
0.155655 
0.077820 
0.077820 
0.077820 
0.077820 
0.077820 
-0.038914 
-0.155640 
-0.155655 
-0.077820 
-0.077820 
-0.077820 
-0.077820 
-0.077820 
0.000023 
0.155655 
0.038914 
0.000389 
-0.155655 
-0.038910 
-0.000389 
-0.000023 
0.000023 
0.000389 
0.155655 
0.038910 
-0.155655 
-0.038910 
-0.000389 
-0.000023 
0.077820 
0.155640 
0.155655 
0.077820 
0.077820 
0.077820 
0.077820 
0.077820 
-0.077820 
-0.155640 
-0.155655 
-0.077820 
-0.077820 
-0.077820 
-0.077820 
-0.077820 
0.000023 
0.155655 
0.038910 
0.000389 
-0.155655 
-0.038914 
-0.000389 
-0.000023 
0.000023 
0.000389 
0.155655 
0.038914 
-0.155655 
-0.038914 
-0.000389 
-0.000023 
0.038914 
0.155640 
0.155655 
0.077820 
0.077820 
0.077820 
0.077820 
0.077820 
-0.038914 
-0.155640 
-0.155655 
-0.077820 
-0.077820 
-0.077820 
-0.077820 
-0.077820 
0.000023 
0.155655 
0.038914 
0.000389 
-0.155655 
-0.038910 
-0.000389 
-0.000023 
0.000023 
0.000389 
0.155655 
0.038910 
-0.155655 
-0.038910 
-0.000389 
-0.000023 
0.077820 
0.155640 
0.155655 
0.077820 
0.077820 
0.077820 
0.077820 
0.077820 
-0.077820 
-0.155640 
-0.155655 
-0.077820 
-0.077820 
-0.077820 
-0.077820 
-0.077820 
0.000023 
0.155655 
0.038910 
0.000389 
-0.155655 
-0.038914 
-0.000389 
-0.000023 
0.000023 
0.000389 
0.155655 
0.038914 
-0.155655 
-0.038914 
-0.000389 
-0.000023 
0.038914 
0.155640 
0.155655 
0.077820 
0.077820 
0.077820 
0.077820 
0.077820 
-0.038914 
-0.155640 
-0.155655 
-0.077820 
-0.077820 
-0.077820 
-0.077820 
-0.077820 
0.000023 
0.155655 
0.038914 
0.000389 
-0.155655 
-0.038910 
-0.000389 
-0.000023 
0.000023 
0.000389 
0.155655 
0.038910 
-0.155655 
-0.038910 
-0.000389 
-0.000023 
0.077820 
0.155640 
0.155655 
0.077820 
0.077820 
0.077820 
0.077820 
0.077820 
-0.077820 
-0.155640 
-0.155655 
-0.077820 
-0.077820 
-0.077820 
-0.077820 
-0.077820 
0.000023 
0.155655 
0.038910 
0.000389 
-0.155655 
-0.038914 
-0.000389 
-0.000023 
0.000023 
0.000389 
0.155655 
0.038914 
-0.155655 
-0.038914 
-0.000389 
-0.000023 
0.038914 
0.155640 
0.155655 
0.077820 
0.077820 
0.077820 
0.077820 
0.077820 
-0.038914 
-0.155640 
-0.155655 
-0.077820 
-0.077820 
-0.077820 
-0.077820 
-0.077820 
0.000023 
0.155655 
0.038914 
0.000389 
-0.155655 
-0.038910 
-0.000389 
-0.000023 
0.000023 
0.000389 
0.155655 
0.038910 
-0.155655 
-0.038910 
-0.000389 
-0.000023 
0.077820 
0.155640 
0.155655 
0.077820 
0.077820 
0.077820 
0.077820 
0.077820 
-0.077820 
-0.155640 
-0.155655 
-0.077820 
-0.077820 
-0.077820 
-0.077820 
-0.077820 
0.000023 
0.155655 
0.038910 
0.000389 
-0.155655 
-0.038914 
-0.000389 
-0.000023 
0.000023 
0.000389 
0.155655 
0.038914 
-0.155655 
-0.038914 
-0.000389 
-0.000023 
0.038914 
0.155640 
0.155655 
0.077820 
0.077820 
0.077820 
0.077820 
0.077820 
-0.038914 
-0.155640 
-0.155655 
-0.077820 
-0.077820 
-0.077820 
-0.077820 
-0.077820 
0.000023 
0.155655 
0.038914 
0.000389 
-0.155655 
-0.038910 
-0.000389 
-0.000023 
0.000023 
0.000389 
0.155655 
0.038910 
-0.155655 
-0.038910 
-0.000389 
-0.000023 
0.077820 
0.155640 
0.155655 
0.077820 
0.077820 
0.077820 
0.077820 
0.077820 
-0.077820 
-0.155640 
-0.155655 
-0.077820 
-0.077820 
-0.077820 
-0.077820 
-0.077820 
0.000023 
0.155655 
0.038910 
0.000389 
-0.155655 
-0.038914 
-0.000389 
-0.000023 
0.000023 
0.000389 
0.155655 
0.038914 
-0.155655 
-0.038914 
-0.000389 
-0.000023 
0.038914 
0.155640 
0.155655 
0.077820 
0.077820 
0.077820 
0.077820 
0.077820 
-0.038914 
-0.155640 
-0.155655 
-0.077820 
-0.077820 
-0.077820 
-0.077820 
-0.077820 
0.000023 
0.155655 
0.038914 
0.000389 
-0.155655 
-0.038910 
-0.000389 
-0.000023 
0.000023 
0.000389 
0.155655 
0.038910 
-0.155655 
-0.038910 
-0.000389 
-0.000023 
0.077820 
0.155640 
0.155655 
0.077820 
0.077820 
0.077820 
0.077820 
0.077820 
-0.077820 
-0.155640 
-0.155655 
-0.077820 
-0.077820 
-0.077820 
-0.077820 
-0.077820 
0.000023 
0.155655 
0.038910 
0.000389 
-0.155655 
-0.038914 
-0.000389 
-0.000023 
0.000023 
0.000389 
0.155655 
0.038914 
-0.155655 
-0.038914 
-0.000389 
-0.000023 
0.038914 
0.155640 
0.155655 
0.077820 
0.077820 
0.077820 
0.077820 
0.077820 
-0.038914 
-0.155640 
-0.155655 
-0.077820 
-0.077820 
-0.077820 
-0.077820 
-0.077820 
0.000023 
0.155655 
0.038914 
0.000389 
-0.155655 
-0.038910 
-0.000389 
-0.000023 
0.000023 
0.000389 
0.155655 
0.038910 
-0.155655 
-0.038910 
-0.000389 
-0.000023 
0.077820 
0.155640 
0.155655 
0.077820 
0.077820 
0.077820 
0.077820 
0.077820 
-0.077820 
-0.155640 
-0.155655 
-0.077820 
-0.077820 
-0.077820 
-0.077820 
-0.077820 
0.000023 
0.155655 
0.038910 
0.000389 
-0.155655 
-0.038914 
-0.000389 
-0.000023 
0.000023 
0.000389 
0.155655 
0.038914 
-0.155655 
-0.038914 
-0.000389 
-0.000023 
0.038914 
0.155640 
0.155655 
0.077820 
0.077820 
0.077820 
0.077820 
0.077820 
-0.038914 
-0.155640 
-0.155655 
-0.077820 
-0.077820 
-0.077820 
-0.077820 
-0.077820 
0.000023 
0.155655 
0.038914 
0.000389 
-0.155655 
-0.038910 
-0.000389 
-0.000023 
0.000023 
0.000389 
0.155655 
0.038910 
-0.155655 
-0.038910 
-0.000389 
-0.000023 
0.077820 
0.155640 
0.155655 
0.077820 
0.077820 
0.077820 
0.077820 
0.077820 
-0.077820 
-0.155640 
-0.155655 
-0.077820 
-0.077820 
-0.077820 
-0.077820 
-0.077820 
0.000023 
0.155655 
0.038910 
0.000389 
-0.155655 
-0.038914 
-0.000389 
-0.000023 
0.000023 
0.000389 
0.155655 
0.038914 
-0.155655 
-0.038914 
-0.000389 
-0.000023 
0.038914 
0.155640 
0.155655 
0.077820 
0.077820 
0.077820 
0.077820 
0.077820 
-0.038914 
-0.155640 
-0.155655 
-0.077820 
-0.077820 
-0.077820 
-0.077820 
-0.077820 
0.000023 
0.155655 
0.038914 
0.000389 
-0.155655 
-0.038910 
-0.000389 
-0.000023 
0.000023 
0.000389 
0.155655 
0.038910 
-0.155655 
-0.038910 
-0.000389 
-0.000023 
0.077820 
0.155640 
0.155655 
0.077820 
0.077820 
0.077820 
0.077820 
0.077820 
-0.077820 
-0.155640 
-0.155655 
-0.077820 
-0.077820 
-0.077820 
-0.077820 
-0.077820 
0.000023 
0.155655 
0.038910 
0.000389 
-0.155655 
-0.038914 
-0.000389 
-0.000023 
0.000023 
0.000389 
0.155655 
0.038914 
-0.155655 
-0.038914 
-0.000389 
-0.000023 
0.038914 
0.155640 
0.155655 
0.077820 
0.077820 
0.077820 
0.077820 
0.077820 
-0.038914 
-0.155640 
-0.155655 
-0.077820 
-0.077820 
-0.077820 
-0.077820 
-0.077820 
0.000023 
0.155655 
0.038914 
0.000389 
-0.155655 
-0.038910 
-0.000389 
-0.000023 
0.000023 
0.000389 
0.155655 
0.038910 
-0.155655 
-0.038910 
-0.000389 
-0.000023 
0.077820 
0.155640 
0.155655 
0.077820 
0.077820 
0.077820 
0.077820 
0.077820 
-0.077820 
-0.155640 
-0.155655 
-0.077820 
-0.077820 
-0.077820 
-0.077820 
-0.077820 
0.000023 
0.155655 
0.038910 
0.000389 
-0.155655 
-0.038914 
-0.000389 
-0.000023 
0.000023 
0.000389 
0.155655 
0.038914 
-0.155655 
-0.038914 
-0.000389 
-0.000023 
0.038914 
0.155640 
0.155655 
0.077820 
0.077820 
0.077820 
0.077820 
0.077820 
-0.038914 
-0.155640 
-0.155655 
-0.077820 
-0.077820 
-0.077820 
-0.077820 
-0.077820 
0.000023 
0.155655 
0.038914 
0.000389 
-0.155655 
-0.038910 
-0.000389 
-0.000023 
0.000023 
0.000389 
0.155655 
0.038910 
-0.155655 
-0.038910 
-0.000389 
-0.000023 
0.077820 
0.155640 
0.155655 
0.077820 
0.077820 
0.077820 
0.077820 
0.077820 
-0.077820 
-0.155640 
-0.155655 
-0.077820 
-0.077820 
-0.077820 
-0.077820 
-0.077820 
0.000023 
0.155655 
0.038910 
0.000389 
-0.155655 
-0.038914 
-0.000389 
-0.000023 
0.000023 
0.000389 
0.155655 
0.038914 
-0.155655 
-0.038914 
-0.000389 
-0.000023 
0.038914 
0.155640 
0.155655 
0.077820 
0.077820 
0.077820 
0.077820 
0.077820 
-0.038914 
-0.155640 
-0.155655 
-0.077820 
-0.077820 
-0.077820 
-0.077820 
-0.077820 
0.000023 
0.155655 
0.038914 
0.000389 
-0.155655 
-0.038910 
-0.000389 
-0.000023 
0.000023 
0.000389 
0.155655 
0.038910 
-0.155655 
-0.038910 
-0.000389 
-0.000023 
0.077820 
0.155640 
0.155655 
0.077820 
0.077820 
0.077820 
0.077820 
0.077820 
-0.077820 
-0.155640 
-0.155655 
-0.077820 
-0.077820 
-0.077820 
-0.077820 
-0.077820 
0.000023 
0.155655 
0.038910 
0.000389 
-0.155655 
-0.038914 
-0.000389 
-0.000023 
0.000023 
0.000389 
0.155655 
0.038914 
-0.155655 
-0.038914 
-0.000389 
-0.000023 
0.038914 
0.155640 
0.155655 
0.077820 
0.077820 
0.077820 
0.077820 
0.077820 
-0.038914 
-0.155640 
-0.155655 
-0.077820 
-0.077820 
-0.077820 
-0.077820 
-0.077820 
0.000023 
0.155655 
0.038914 
0.000389 
-0.155655 
-0.038910 
-0.000389 
-0.000023 
0.000023 
0.000389 
0.155655 
0.038910 
-0.155655 
-0.038910 
-0.000389 
-0.000023 
0.077820 
0.155640 
0.155655 
0.077820 
0.077820 
0.077820 
0.077820 
0.077820 
-0.077820 
-0.155640 
-0.155655 
-0.077820 
-0.077820 
-0.077820 
-0.077820 
-0.077820 
0.000023 
0.155655 
0.038910 
0.000389 
-0.155655 
-0.038914 
-0.000389 
-0.000023 
0.000023 
0.000389 
0.155655 
0.038914 
-0.155655 
-0.038914 
-0.000389 
-0.000023 
0.038914 
0.155640 
0.155655 
0.077820 
0.077820 
0.077820 
0.077820 
0.077820 
-0.038914 
-0.155640 
-0.155655 
-0.077820 
-0.077820 
-0.077820 
-0.077820 
-0.077820 
0.000023 
0.155655 
0.038914 
0.000389 
-0.155655 
-0.038910 
-0.000389 
-0.000023 
0.000023 
0.000389 
0.155655 
0.038910 
-0.155655 
-0.038910 
-0.000389 
-0.000023 
0.077820 
0.155640 
0.155655 
0.077820 
0.077820 
0.077820 
0.077820 
0.077820 
-0.077820 
-0.155640 
-0.155655 
-0.077820 
-0.077820 
-0.077820 
-0.077820 
-0.077820 
0.000023 
0.155655 
0.038910 
0.000389 
-0.155655 
-0.038914 
-0.000389 
-0.000023 
0.000023 
0.000389 
0.155655 
0.038914 
-0.155655 
-0.038914 
-0.000389 
-0.000023 
0.038914 
0.155640 
0.155655 
0.077820 
0.077820 
0.077820 
0.077820 
0.077820 
-0.038914 
-0.155640 
-0.155655 
-0.077820 
-0.077820 
-0.077820 
-0.077820 
-0.077820 
0.000023 
0.155655 
0.038914 
0.000389 
-0.155655 
-0.038910 
-0.000389 
-0.000023 
0.000023 
0.000389 
0.155655 
0.038910 
-0.155655 
-0.038910 
-0.000389 
-0.000023 
0.077820 
0.155640 
0.155655 
0.077820 
0.077820 
0.077820 
0.077820 
0.077820 
-0.077820 
-0.155640 
-0.155655 
-0.077820 
-0.077820 
-0.077820 
-0.077820 
-0.077820 
0.000023 
0.155655 
0.038910 
0.000389 
-0.155655 
-0.038914 
-0.000389 
-0.000023 
0.000023 
0.000389 
0.155655 
0.038914 
-0.155655 
-0.038914 
-0.000389 
-0.000023 
0.038914 
0.155640 
0.155655 
0.077820 
0.077820 
0.077820 
0.077820 
0.077820 
-0.038914 
-0.155640 
-0.155655 
-0.077820 
-0.077820 
-0.077820 
-0.077820 
-0.077820 
0.000023 
0.155655 
0.038914 
0.000389 
-0.155655 
-0.038910 
-0.000389 
-0.000023 
0.000023 
0.000389 
0.155655 
0.038910 
-0.155655 
-0.038910 
-0.000389 
-0.000023 
0.077820 
0.155640 
0.155655 
0.077820 
0.077820 
0.077820 
0.077820 
0.077820 
-0.077820 
-0.155640 
-0.155655 
-0.077820 
-0.077820 
-0.077820 
-0.077820 
-0.077820 
0.000023 
0.155655 
0.038910 
0.000389 
-0.155655 
-0.038914 
-0.000389 
-0.000023 
0.000023 
0.000389 
0.155655 
0.038914 
-0.155655 
-0.038914 
-0.000389 
-0.000023 
0.038914 
0.155640 
0.155655 
0.077820 
0.077820 
0.077820 
0.077820 
0.077820 
-0.038914 
-0.155640 
-0.155655 
-0.077820 
-0.077820 
-0.077820 
-0.077820 
-0.077820 
0.000023 
0.155655 
0.038914 
0.000389 
-0.155655 
-0.038910 
-0.000389 
-0.000023 
0.000023 
0.000389 
0.155655 
0.038910 
-0.155655 
-0.038910 
-0.000389 
-0.000023 
0.077820 
0.155640 
0.155655 
0.077820 
0.077820 
0.077820 
0.077820 
0.077820 
-0.077820 
-0.155640 
-0.155655 
-0.077820 
-0.077820 
-0.077820 
-0.077820 
-0.077820 
0.000023 
0.155655 
0.038910 
0.000389 
-0.155655 
-0.038914 
-0.000389 
-0.000023 
0.000023 
0.000389 
0.155655 
0.038914 
-0.155655 
-0.038914 
-0.000389 
-0.000023 
-0.000389 
other 
0.000389 
-0.000389 
-0.155640 
-0.038910 
-0.038914 
-0.000023 
-0.155640 
-0.038910 
-0.038914 
-0.000023 
-0.764435 
-0.155640 
-0.038914 
-0.000023 
-0.191109 
-0.038910 
-0.038914 
-0.000023 
-0.155640 
-4.229813 
-1.057453 
-0.038914 
-0.000023 
-4.229813 
-1.057453 
-0.038528 
-0.000023 
-0.155640 
-0.155640 
-0.155655 
-0.038910 
-0.000389 
-0.000023 
-0.003052 
-0.000763 
-0.038910 
-0.000023 
-6.001282 
-1.500320 
-1.500320 
-1.500320 
-3.000641 
-0.000031 
-0.000145 
