6.7577016484659960e-04
7.8289286817338300e-04
7.9705535822210494e-04
8.0224708194545689e-04
8.4681099139924832e-04
9.3338424949440245e-04
1.0238761708658154e-03
1.0917840678633152e-03
1.1193315132299001e-03
1.1052080757112126e-03
1.0647868180515476e-03
1.0184159670976736e-03
9.7930896058842729e-04
9.4995180654126106e-04
9.2660283829533203e-04
9.0688049123828420e-04
8.9204596752458850e-04
8.8402475320398341e-04
8.8340632814611173e-04
8.8984720069640408e-04
9.0272704551499973e-04
9.2109070999155031e-04
9.4362949418335459e-04
9.6881576154616699e-04
9.9489231619507863e-04
1.0199822973567937e-03
1.0427164740351897e-03
1.0633622086746429e-03
1.0852284550195151e-03
1.1162706124923053e-03
1.1712539823537625e-03
1.2754744225753132e-03
1.4716298024480157e-03
1.8317548685549453e-03
2.4757092440499543e-03
3.5953017698421032e-03
5.4770919306893623e-03
8.5071954131620778e-03
1.3132674873273527e-02
1.9756468686931285e-02
2.8566324442007140e-02
3.9341278420162398e-02
5.1320741115276930e-02
6.3228252321190961e-02
7.3493572634042895e-02
8.0626787638267625e-02
8.3614026941284877e-02
8.2178682701292388e-02
7.6805950970281839e-02
6.8535824035959994e-02
5.8630919674237732e-02
4.8264413271751794e-02
3.8332865764559035e-02
2.9413050342155401e-02
2.1810821837336937e-02
1.5633260895463720e-02
1.0845173574883174e-02
7.3087620079353537e-03
4.8203493548354872e-03
3.1500953747528719e-03
2.0783303988988573e-03
1.4194717304647447e-03
1.0307743764677319e-03
8.1004627334579362e-04
6.8843894837779306e-04
6.2234990799747843e-04
5.8600457730241279e-04
5.6530691552560141e-04
5.5330303527314020e-04
5.4712756891678815e-04
5.4591171205803910e-04
5.4928676125871640e-04
5.5643079693382081e-04
5.6564399298273847e-04
5.7438924645039212e-04
5.7979320668936354e-04
5.7953207836569317e-04
5.7271917564856759e-04
5.6032726444166030e-04
5.4493476003717183e-04
5.2961506406405960e-04
5.1627368521683676e-04
5.0498682572420463e-04
4.9538542805575142e-04
4.8893267979675749e-04
4.8945233472872773e-04
4.9965096965957662e-04
5.1644495022467685e-04
5.3227319986057155e-04
5.4274087396841380e-04
5.5146163330830841e-04
5.6641525814612602e-04
5.9180623166372288e-04
6.2348025155489989e-04
6.5664355435566721e-04
6.8564299110719835e-04
7.0378396057953685e-04
7.1074243584138283e-04
7.2742039578540456e-04
7.3971324825883463e-04
5.4895594095926217e-04
